xof 0303txt 0032

template AnimTicksPerSecond {
  <9E415A43-7BA6-4a73-8743-B73D47E88476>
  DWORD AnimTicksPerSecond;
}

template XSkinMeshHeader {
  <3cf169ce-ff7c-44ab-93c0-f78f62d172e2>
  WORD nMaxSkinWeightsPerVertex;
  WORD nMaxSkinWeightsPerFace;
  WORD nBones;
}

template SkinWeights {
  <6f0d123b-bad2-4167-a0d0-80224f25fabb>
  STRING transformNodeName;
  DWORD nWeights;
  array DWORD vertexIndices[nWeights];
  array float weights[nWeights];
  Matrix4x4 matrixOffset;
}

Frame Root {
  FrameTransformMatrix {
     1.000000, 0.000000, 0.000000, 0.000000,
     0.000000,-0.000000, 1.000000, 0.000000,
     0.000000, 1.000000, 0.000000, 0.000000,
     0.000000, 0.000000, 0.000000, 1.000000;;
  }
  Frame Huesos {
    FrameTransformMatrix {
      -0.626523,-0.000000,-0.010743, 0.000000,
       0.000000, 0.626615,-0.000000, 0.000000,
       0.010743,-0.000000,-0.626523, 0.000000,
      -0.000001,-0.013539, 1.924516, 1.000000;;
    }
    Frame Huesos_MasterBone {
      FrameTransformMatrix {
         1.000000, 0.000378, 0.000009, 0.000000,
         0.000377,-0.999758, 0.022003, 0.000000,
         0.000031,-0.022003,-1.000148, 0.000000,
         0.011775, 0.184803, 0.872859, 1.000000;;
      }
      Frame Huesos_C3 {
        FrameTransformMatrix {
           0.999719,-0.017127, 0.016404, 0.000000,
          -0.017148,-0.044184, 0.998876, 0.000000,
          -0.016383,-0.998877,-0.044465, 0.000000,
          -0.000000, 0.177066,-0.000000, 1.000000;;
        }
        Frame Huesos_C2 {
          FrameTransformMatrix {
             0.999999, 0.001296,-0.000049, 0.000000,
            -0.001296, 0.997138,-0.075592, 0.000000,
            -0.000049, 0.075592, 0.997139, 0.000000,
            -0.000000, 0.388963, 0.000000, 1.000000;;
          }
          Frame Huesos_C1 {
            FrameTransformMatrix {
               0.999999,-0.001093,-0.000035, 0.000000,
               0.001093, 0.997967, 0.063721, 0.000000,
              -0.000034,-0.063721, 0.997968, 0.000000,
               0.000000, 0.323378, 0.000000, 1.000000;;
            }
            Frame Huesos_Neck {
              FrameTransformMatrix {
                 0.136267, 0.219109, 0.966138, 0.000000,
                -0.003842, 0.975344,-0.220656, 0.000000,
                -0.990665, 0.026356, 0.133749, 0.000000,
                 0.003177, 0.159664,-0.000816, 1.000000;;
              }
              Frame Huesos_Head {
                FrameTransformMatrix {
                   0.586874,-0.099817,-0.803502, 0.000000,
                   0.199342, 0.979638, 0.023901, 0.000000,
                   0.784756,-0.174198, 0.594822, 0.000000,
                   0.000000, 0.088990, 0.000000, 1.000000;;
                }
                Frame Huesos_EyeL {
                  FrameTransformMatrix {
                    -0.830902, 0.016567, 0.556173, 0.000000,
                    -0.556417,-0.021979,-0.830612, 0.000000,
                    -0.001536,-0.999621, 0.027480, 0.000000,
                    -0.153205, 0.240996,-0.148747, 1.000000;;
                  }
                } // End of Huesos_EyeL
                Frame Huesos_EyeR {
                  FrameTransformMatrix {
                    -0.910332, 0.016447, 0.413551, 0.000000,
                    -0.413835,-0.021817,-0.910090, 0.000000,
                    -0.005946,-0.999627, 0.026668, 0.000000,
                    -0.050976, 0.241008,-0.207492, 1.000000;;
                  }
                } // End of Huesos_EyeR
              } // End of Huesos_Head
              Frame Huesos_Jaw {
                FrameTransformMatrix {
                  -0.321535,-0.816944, 0.478767, 0.000000,
                  -0.945482, 0.304631,-0.115169, 0.000000,
                  -0.051760,-0.489697,-0.870355, 0.000000,
                   0.000000, 0.088990, 0.000000, 1.000000;;
                }
              } // End of Huesos_Jaw
            } // End of Huesos_Neck
          } // End of Huesos_C1
          Frame Huesos_ShoulderBoneR {
            FrameTransformMatrix {
              -0.000920, 0.136551,-0.990633, 0.000000,
               0.981624,-0.188912,-0.026952, 0.000000,
              -0.190823,-0.972454,-0.133868, 0.000000,
               0.003222, 0.326319, 0.000983, 1.000000;;
            }
            Frame Huesos_UpperarmR {
              FrameTransformMatrix {
                 0.827846, 0.279652,-0.486277, 0.000000,
                 0.001706, 0.865614, 0.500708, 0.000000,
                 0.560952,-0.415339, 0.716119, 0.000000,
                 0.000000, 0.430068,-0.000000, 1.000000;;
              }
              Frame Huesos_ForearmR {
                FrameTransformMatrix {
                   0.958203,-0.261932, 0.115056, 0.000000,
                   0.258048, 0.964953, 0.047714, 0.000000,
                  -0.123521,-0.016029, 0.992212, 0.000000,
                   0.000000, 0.377535,-0.000000, 1.000000;;
                }
                Frame Huesos_HandR {
                  FrameTransformMatrix {
                     0.938774, 0.055350,-0.340059, 0.000000,
                     0.028535, 0.971130, 0.236839, 0.000000,
                     0.343350,-0.232042, 0.910092, 0.000000,
                     0.000000, 0.539810, 0.000000, 1.000000;;
                  }
                  Frame Huesos_FingersR {
                    FrameTransformMatrix {
                       0.961795, 0.010630,-0.273565, 0.000000,
                       0.091984, 0.928609, 0.359479, 0.000000,
                       0.257857,-0.370908, 0.892153, 0.000000,
                      -0.000000, 0.197317, 0.000000, 1.000000;;
                    }
                  } // End of Huesos_FingersR
                } // End of Huesos_HandR
                Frame Huesos_ThumbR {
                  FrameTransformMatrix {
                     0.167113,-0.219328, 0.961233, 0.000000,
                     0.751268, 0.659696, 0.019915, 0.000000,
                    -0.638490, 0.718816, 0.275018, 0.000000,
                     0.000000, 0.539810, 0.000000, 1.000000;;
                  }
                  Frame Huesos_Thumb2R {
                    FrameTransformMatrix {
                      -0.362571, 0.390093,-0.846386, 0.000000,
                       0.353177, 0.897955, 0.262569, 0.000000,
                       0.862443,-0.203724,-0.463345, 0.000000,
                      -0.000000, 0.170652,-0.000000, 1.000000;;
                    }
                  } // End of Huesos_Thumb2R
                } // End of Huesos_ThumbR
              } // End of Huesos_ForearmR
            } // End of Huesos_UpperarmR
          } // End of Huesos_ShoulderBoneR
          Frame Huesos_ShoulderboneL {
            FrameTransformMatrix {
               0.040581,-0.176294, 0.983500, 0.000000,
              -0.982057,-0.188464, 0.006739, 0.000000,
               0.184167,-0.966127,-0.180779, 0.000000,
               0.003222, 0.326319, 0.000983, 1.000000;;
            }
            Frame Huesos_upperarmL {
              FrameTransformMatrix {
                 0.827825,-0.296079, 0.476491, 0.000000,
                 0.019957, 0.864385, 0.502435, 0.000000,
                -0.560632,-0.406418, 0.721468, 0.000000,
                -0.000000, 0.429965,-0.000000, 1.000000;;
              }
              Frame Huesos_ForearmL {
                FrameTransformMatrix {
                   0.954322, 0.269480,-0.129040, 0.000000,
                  -0.265449, 0.962939, 0.047806, 0.000000,
                   0.137140,-0.011369, 0.990486, 0.000000,
                   0.000000, 0.385051, 0.000000, 1.000000;;
                }
                Frame Huesos_HandL {
                  FrameTransformMatrix {
                     0.936729,-0.075452, 0.341827, 0.000000,
                    -0.001258, 0.975763, 0.218829, 0.000000,
                    -0.350053,-0.205413, 0.913930, 0.000000,
                    -0.000000, 0.539152,-0.000000, 1.000000;;
                  }
                  Frame Huesos_FingerL {
                    FrameTransformMatrix {
                       0.999051, 0.015623, 0.040660, 0.000000,
                      -0.032116, 0.894807, 0.445296, 0.000000,
                      -0.029426,-0.446179, 0.894460, 0.000000,
                       0.000000, 0.210500,-0.000000, 1.000000;;
                    }
                  } // End of Huesos_FingerL
                } // End of Huesos_HandL
                Frame Huesos_ThumbL {
                  FrameTransformMatrix {
                    -0.236499,-0.203084,-0.950171, 0.000000,
                    -0.736610, 0.675190, 0.039032, 0.000000,
                     0.633619, 0.709137,-0.309275, 0.000000,
                    -0.000000, 0.539152,-0.000000, 1.000000;;
                  }
                  Frame Huesos_Thumb2L {
                    FrameTransformMatrix {
                      -0.116128, 0.079322, 0.990062, 0.000000,
                      -0.480681, 0.867809,-0.125908, 0.000000,
                      -0.869172,-0.490525,-0.062648, 0.000000,
                       0.000000, 0.169051, 0.000000, 1.000000;;
                    }
                  } // End of Huesos_Thumb2L
                } // End of Huesos_ThumbL
              } // End of Huesos_ForearmL
            } // End of Huesos_upperarmL
          } // End of Huesos_ShoulderboneL
          Frame Huesos_ShoulderboneL_001 {
            FrameTransformMatrix {
               0.017771, 0.224907,-0.974218, 0.000000,
               0.980934,-0.192521,-0.026551, 0.000000,
              -0.193529,-0.955171,-0.224040, 0.000000,
               0.003222, 0.326319, 0.000983, 1.000000;;
            }
          } // End of Huesos_ShoulderboneL_001
        } // End of Huesos_C2
      } // End of Huesos_C3
      Frame Huesos_C4 {
        FrameTransformMatrix {
          -0.999144,-0.031387,-0.026938, 0.000000,
           0.026558, 0.012464,-0.999569, 0.000000,
           0.031709,-0.999429,-0.011620, 0.000000,
           0.000000, 0.177066,-0.000000, 1.000000;;
        }
        Frame Huesos_PelvisL {
          FrameTransformMatrix {
             0.352164, 0.341022, 0.871599, 0.000000,
             0.877982, 0.202244,-0.433873, 0.000000,
            -0.324235, 0.918042,-0.228188, 0.000000,
            -0.001274, 0.236851,-0.009991, 1.000000;;
          }
          Frame Huesos_UpperlegL {
            FrameTransformMatrix {
              -0.129348,-0.894012, 0.428967, 0.000000,
               0.425102, 0.340837, 0.838522, 0.000000,
              -0.895856, 0.290815, 0.335960, 0.000000,
               0.000000, 0.196031,-0.000000, 1.000000;;
            }
            Frame Huesos_LowerlegL {
              FrameTransformMatrix {
                 0.999232,-0.026332, 0.029009, 0.000000,
                 0.029158, 0.994381,-0.101765, 0.000000,
                -0.026167, 0.102533, 0.994385, 0.000000,
                 0.000000, 0.861334, 0.000000, 1.000000;;
              }
              Frame Huesos_FeetL {
                FrameTransformMatrix {
                  -0.740064,-0.588207,-0.326063, 0.000000,
                  -0.456548, 0.083396, 0.885782, 0.000000,
                  -0.493831, 0.804399,-0.330263, 0.000000,
                  -0.000000, 0.962387,-0.000000, 1.000000;;
                }
              } // End of Huesos_FeetL
            } // End of Huesos_LowerlegL
          } // End of Huesos_UpperlegL
        } // End of Huesos_PelvisL
        Frame Huesos_PelvisR {
          FrameTransformMatrix {
             0.301744,-0.316974,-0.899154, 0.000000,
            -0.898938, 0.219572,-0.379076, 0.000000,
             0.317586, 0.922668,-0.218686, 0.000000,
            -0.001274, 0.236851,-0.009991, 1.000000;;
          }
          Frame Huesos_UpperlegR {
            FrameTransformMatrix {
              -0.108199, 0.903058,-0.415666, 0.000000,
              -0.398048, 0.343788, 0.850510, 0.000000,
               0.910961, 0.257480, 0.322263, 0.000000,
              -0.000000, 0.195447,-0.000000, 1.000000;;
            }
            Frame Huesos_LowerlegR {
              FrameTransformMatrix {
                 0.812058,-0.021495,-0.583181, 0.000000,
                -0.044221, 0.994182,-0.098220, 0.000000,
                 0.581899, 0.105550, 0.806382, 0.000000,
                 0.000000, 0.861858, 0.000000, 1.000000;;
              }
              Frame Huesos_FeetR {
                FrameTransformMatrix {
                   0.993445, 0.103480, 0.048570, 0.000000,
                  -0.057452, 0.084653, 0.994753, 0.000000,
                   0.098825,-0.991023, 0.090043, 0.000000,
                   0.000000, 0.961167,-0.000000, 1.000000;;
                }
              } // End of Huesos_FeetR
            } // End of Huesos_LowerlegR
          } // End of Huesos_UpperlegR
        } // End of Huesos_PelvisR
      } // End of Huesos_C4
    } // End of Huesos_MasterBone
    Frame Body_001 {
      FrameTransformMatrix {
         0.034915,-0.016818,-0.000599, 0.000000,
         0.016816, 0.034920,-0.000288, 0.000000,
         0.001099,-0.000000, 0.064066, 0.000000,
         0.049402,-0.313275, 1.243215, 1.000000;;
      }
      Mesh { // Body_001 mesh
        7348;
        -0.935679; 3.304534;-24.453051;,
        -1.108148; 3.153391;-24.452473;,
        -1.097157; 3.167632;-24.399717;,
        -1.097157; 3.167632;-24.399717;,
        -1.108148; 3.153391;-24.452473;,
        -1.247859; 2.971569;-24.450306;,
        -1.226300; 2.999503;-24.346825;,
        -1.226300; 2.999503;-24.346825;,
        -1.247859; 2.971569;-24.450306;,
        -1.349446; 2.766057;-24.446632;,
        -1.318145; 2.806612;-24.296402;,
        -1.318145; 2.806612;-24.296402;,
        -1.349446; 2.766057;-24.446632;,
        -1.408999; 2.544755;-24.441593;,
        -1.369161; 2.596369;-24.250387;,
        -1.369161; 2.596369;-24.250387;,
        -1.408999; 2.544755;-24.441593;,
        -1.424235; 2.316164;-24.435385;,
        -1.377389; 2.376857;-24.210548;,
        -1.377389; 2.376857;-24.210548;,
        -1.424235; 2.316164;-24.435385;,
        -1.394565; 2.089070;-24.428242;,
        -1.342514; 2.156508;-24.178419;,
        -1.342514; 2.156508;-24.178419;,
        -1.394565; 2.089070;-24.428242;,
        -1.321131; 1.872201;-24.420441;,
        -1.265873; 1.943793;-24.155228;,
        -1.265873; 1.943793;-24.155228;,
        -1.321131; 1.872201;-24.420441;,
        -1.206753; 1.673891;-24.412283;,
        -1.150414; 1.746884;-24.141876;,
        -1.150414; 1.746884;-24.141876;,
        -1.206753; 1.673891;-24.412283;,
        -1.055832; 1.501759;-24.404076;,
        -1.000574; 1.573351;-24.138865;,
        -1.000574; 1.573351;-24.138865;,
        -1.055832; 1.501759;-24.404076;,
        -0.874161; 1.362422;-24.396143;,
        -0.822109; 1.429860;-24.146318;,
        -0.822109; 1.429860;-24.146318;,
        -0.874161; 1.362422;-24.396143;,
        -0.668725; 1.261233;-24.388784;,
        -0.621879; 1.321926;-24.163948;,
        -0.621879; 1.321926;-24.163948;,
        -0.668725; 1.261233;-24.388784;,
        -0.447417; 1.202083;-24.382282;,
        -0.407579; 1.253697;-24.191076;,
        -0.407579; 1.253697;-24.191076;,
        -0.447417; 1.202083;-24.382282;,
        -0.218745; 1.187242;-24.376890;,
        -0.187443; 1.227796;-24.226662;,
        -0.187443; 1.227796;-24.226662;,
        -0.218745; 1.187242;-24.376890;,
         0.008507; 1.217283;-24.372812;,
         0.030068; 1.245217;-24.269331;,
         0.030068; 1.245217;-24.269331;,
         0.008507; 1.217283;-24.372812;,
         0.225605; 1.291050;-24.370209;,
         0.236596; 1.305291;-24.317451;,
         0.236596; 1.305291;-24.317451;,
         0.225605; 1.291050;-24.370209;,
         0.424204; 1.405709;-24.369173;,
         0.274160; 1.337596;-24.272696;,
         0.236596; 1.305291;-24.317451;,
         0.424204; 1.405709;-24.369173;,
         0.103753; 1.308587;-24.181540;,
         0.030068; 1.245217;-24.269331;,
         0.236596; 1.305291;-24.317451;,
         0.274160; 1.337596;-24.272696;,
        -0.080470; 1.319795;-24.099201;,
        -0.187443; 1.227796;-24.226662;,
         0.030068; 1.245217;-24.269331;,
         0.103753; 1.308587;-24.181540;,
        -0.271428; 1.370789;-24.028858;,
        -0.407579; 1.253697;-24.191076;,
        -0.187443; 1.227796;-24.226662;,
        -0.080470; 1.319795;-24.099201;,
        -0.461783; 1.459611;-23.973198;,
        -0.621879; 1.321926;-24.163948;,
        -0.407579; 1.253697;-24.191076;,
        -0.271428; 1.370789;-24.028858;,
        -0.644219; 1.582847;-23.934368;,
        -0.822109; 1.429860;-24.146318;,
        -0.621879; 1.321926;-24.163948;,
        -0.461783; 1.459611;-23.973198;,
        -0.811726; 1.735763;-23.913858;,
        -1.000574; 1.573351;-24.138865;,
        -0.822109; 1.429860;-24.146318;,
        -0.644219; 1.582847;-23.934368;,
        -0.957866; 1.912478;-23.912457;,
        -1.150414; 1.746884;-24.141876;,
        -1.000574; 1.573351;-24.138865;,
        -0.811726; 1.735763;-23.913858;,
        -1.077026; 2.106205;-23.930222;,
        -1.265873; 1.943793;-24.155228;,
        -1.150414; 1.746884;-24.141876;,
        -0.957866; 1.912478;-23.912457;,
        -1.164624; 2.309496;-23.966465;,
        -1.342514; 2.156508;-24.178419;,
        -1.265873; 1.943793;-24.155228;,
        -1.077026; 2.106205;-23.930222;,
        -1.217293; 2.514542;-24.019796;,
        -1.377389; 2.376857;-24.210548;,
        -1.342514; 2.156508;-24.178419;,
        -1.164624; 2.309496;-23.966465;,
        -1.233010; 2.713461;-24.088165;,
        -1.369161; 2.596369;-24.250387;,
        -1.377389; 2.376857;-24.210548;,
        -1.217293; 2.514542;-24.019796;,
        -1.211171; 2.898611;-24.168943;,
        -1.318145; 2.806612;-24.296402;,
        -1.369161; 2.596369;-24.250387;,
        -1.233010; 2.713461;-24.088165;,
        -1.152615; 3.062872;-24.259031;,
        -1.226300; 2.999503;-24.346825;,
        -1.318145; 2.806612;-24.296402;,
        -1.211171; 2.898611;-24.168943;,
        -1.059594; 3.199937;-24.354959;,
        -1.097157; 3.167632;-24.399717;,
        -1.226300; 2.999503;-24.346825;,
        -1.152615; 3.062872;-24.259031;,
        -0.935679; 3.304534;-24.453051;,
        -1.097157; 3.167632;-24.399717;,
        -1.059594; 3.199937;-24.354959;,
        -0.935679; 3.304534;-24.453051;,
        -1.059594; 3.199937;-24.354959;,
        -1.001175; 3.245389;-24.325014;,
        -1.001175; 3.245389;-24.325014;,
        -1.059594; 3.199937;-24.354959;,
        -1.152615; 3.062872;-24.259031;,
        -1.038024; 3.152030;-24.200289;,
        -1.038024; 3.152030;-24.200289;,
        -1.152615; 3.062872;-24.259031;,
        -1.211171; 2.898611;-24.168943;,
        -1.044812; 3.028048;-24.083662;,
        -1.044812; 3.028048;-24.083662;,
        -1.211171; 2.898611;-24.168943;,
        -1.233010; 2.713461;-24.088165;,
        -1.021273; 2.878204;-23.979626;,
        -1.021273; 2.878204;-23.979626;,
        -1.233010; 2.713461;-24.088165;,
        -1.217293; 2.514542;-24.019796;,
        -0.968317; 2.708260;-23.892162;,
        -0.968317; 2.708260;-23.892162;,
        -1.217293; 2.514542;-24.019796;,
        -1.164624; 2.309496;-23.966465;,
        -0.887977; 2.524743;-23.824646;,
        -0.887977; 2.524743;-23.824646;,
        -1.164624; 2.309496;-23.966465;,
        -1.077026; 2.106205;-23.930222;,
        -0.783340; 2.334709;-23.779669;,
        -0.783340; 2.334709;-23.779669;,
        -1.077026; 2.106205;-23.930222;,
        -0.957866; 1.912478;-23.912457;,
        -0.658428; 2.145458;-23.758957;,
        -0.658428; 2.145458;-23.758957;,
        -0.957866; 1.912478;-23.912457;,
        -0.811726; 1.735763;-23.913858;,
        -0.518041; 1.964267;-23.763306;,
        -0.518041; 1.964267;-23.763306;,
        -0.811726; 1.735763;-23.913858;,
        -0.644219; 1.582847;-23.934368;,
        -0.367573; 1.798095;-23.792549;,
        -0.367573; 1.798095;-23.792549;,
        -0.644219; 1.582847;-23.934368;,
        -0.461783; 1.459611;-23.973198;,
        -0.212807; 1.653329;-23.845564;,
        -0.212807; 1.653329;-23.845564;,
        -0.461783; 1.459611;-23.973198;,
        -0.271428; 1.370789;-24.028858;,
        -0.059691; 1.535532;-23.920315;,
        -0.059691; 1.535532;-23.920315;,
        -0.271428; 1.370789;-24.028858;,
        -0.080470; 1.319795;-24.099201;,
         0.085890; 1.449232;-24.013920;,
         0.085890; 1.449232;-24.013920;,
        -0.080470; 1.319795;-24.099201;,
         0.103753; 1.308587;-24.181540;,
         0.218343; 1.397744;-24.122797;,
         0.218343; 1.397744;-24.122797;,
         0.103753; 1.308587;-24.181540;,
         0.274160; 1.337596;-24.272696;,
         0.332578; 1.383049;-24.242748;,
         0.332578; 1.383049;-24.242748;,
         0.274160; 1.337596;-24.272696;,
         0.424204; 1.405709;-24.369173;,
         0.402956; 1.434728;-24.232172;,
         0.332578; 1.383049;-24.242748;,
         0.424204; 1.405709;-24.369173;,
         0.356395; 1.499118;-24.102049;,
         0.218343; 1.397744;-24.122797;,
         0.332578; 1.383049;-24.242748;,
         0.402956; 1.434728;-24.232172;,
         0.286309; 1.596403;-23.983801;,
         0.085890; 1.449232;-24.013920;,
         0.218343; 1.397744;-24.122797;,
         0.356395; 1.499118;-24.102049;,
         0.195394; 1.722846;-23.881975;,
        -0.059691; 1.535532;-23.920315;,
         0.085890; 1.449232;-24.013920;,
         0.286309; 1.596403;-23.983801;,
         0.087142; 1.873586;-23.800482;,
        -0.212807; 1.653329;-23.845564;,
        -0.059691; 1.535532;-23.920315;,
         0.195394; 1.722846;-23.881975;,
        -0.034287; 2.042831;-23.742460;,
        -0.367573; 1.798095;-23.792549;,
        -0.212807; 1.653329;-23.845564;,
         0.087142; 1.873586;-23.800482;,
        -0.164227; 2.224079;-23.710127;,
        -0.518041; 1.964267;-23.763306;,
        -0.367573; 1.798095;-23.792549;,
        -0.034287; 2.042831;-23.742460;,
        -0.297682; 2.410360;-23.704737;,
        -0.658428; 2.145458;-23.758957;,
        -0.518041; 1.964267;-23.763306;,
        -0.164227; 2.224079;-23.710127;,
        -0.429526; 2.594520;-23.726490;,
        -0.783340; 2.334709;-23.779669;,
        -0.658428; 2.145458;-23.758957;,
        -0.297682; 2.410360;-23.704737;,
        -0.554692; 2.769480;-23.774559;,
        -0.887977; 2.524743;-23.824646;,
        -0.783340; 2.334709;-23.779669;,
        -0.429526; 2.594520;-23.726490;,
        -0.668369; 2.928516;-23.847082;,
        -0.968317; 2.708260;-23.892162;,
        -0.887977; 2.524743;-23.824646;,
        -0.554692; 2.769480;-23.774559;,
        -0.766188; 3.065517;-23.941286;,
        -1.021273; 2.878204;-23.979626;,
        -0.968317; 2.708260;-23.892162;,
        -0.668369; 2.928516;-23.847082;,
        -0.844392; 3.175219;-24.053541;,
        -1.044812; 3.028048;-24.083662;,
        -1.021273; 2.878204;-23.979626;,
        -0.766188; 3.065517;-23.941286;,
        -0.899973; 3.253403;-24.179541;,
        -1.038024; 3.152030;-24.200289;,
        -1.044812; 3.028048;-24.083662;,
        -0.844392; 3.175219;-24.053541;,
        -0.930797; 3.297069;-24.314438;,
        -1.001175; 3.245389;-24.325014;,
        -1.038024; 3.152030;-24.200289;,
        -0.899973; 3.253403;-24.179541;,
        -0.935679; 3.304534;-24.453051;,
        -1.001175; 3.245389;-24.325014;,
        -0.930797; 3.297069;-24.314438;,
        -0.935679; 3.304534;-24.453051;,
        -0.930797; 3.297069;-24.314438;,
        -0.859174; 3.347108;-24.324841;,
        -0.859174; 3.347108;-24.324841;,
        -0.930797; 3.297069;-24.314438;,
        -0.899973; 3.253403;-24.179541;,
        -0.759478; 3.351558;-24.199945;,
        -0.759478; 3.351558;-24.199945;,
        -0.899973; 3.253403;-24.179541;,
        -0.844392; 3.175219;-24.053541;,
        -0.640425; 3.317718;-24.083164;,
        -0.640425; 3.317718;-24.083164;,
        -0.844392; 3.175219;-24.053541;,
        -0.766188; 3.065517;-23.941286;,
        -0.506588; 3.246884;-23.978992;,
        -0.506588; 3.246884;-23.978992;,
        -0.766188; 3.065517;-23.941286;,
        -0.668369; 2.928516;-23.847082;,
        -0.363110; 3.141781;-23.891418;,
        -0.363110; 3.141781;-23.891418;,
        -0.668369; 2.928516;-23.847082;,
        -0.554692; 2.769480;-23.774559;,
        -0.215507; 3.006447;-23.823820;,
        -0.215507; 3.006447;-23.823820;,
        -0.554692; 2.769480;-23.774559;,
        -0.429526; 2.594520;-23.726490;,
        -0.069450; 2.846082;-23.778791;,
        -0.069450; 2.846082;-23.778791;,
        -0.429526; 2.594520;-23.726490;,
        -0.297682; 2.410360;-23.704737;,
         0.069449; 2.666851;-23.758062;,
         0.069449; 2.666851;-23.758062;,
        -0.297682; 2.410360;-23.704737;,
        -0.164227; 2.224079;-23.710127;,
         0.195850; 2.475641;-23.762426;,
         0.195850; 2.475641;-23.762426;,
        -0.164227; 2.224079;-23.710127;,
        -0.034287; 2.042831;-23.742460;,
         0.304897; 2.279798;-23.791721;,
         0.304897; 2.279798;-23.791721;,
        -0.034287; 2.042831;-23.742460;,
         0.087142; 1.873586;-23.800482;,
         0.392400; 2.086851;-23.844818;,
         0.392400; 2.086851;-23.844818;,
         0.087142; 1.873586;-23.800482;,
         0.195394; 1.722846;-23.881975;,
         0.454995; 1.904212;-23.919682;,
         0.454995; 1.904212;-23.919682;,
         0.195394; 1.722846;-23.881975;,
         0.286309; 1.596403;-23.983801;,
         0.490277; 1.738902;-24.013422;,
         0.490277; 1.738902;-24.013422;,
         0.286309; 1.596403;-23.983801;,
         0.356395; 1.499118;-24.102049;,
         0.496890; 1.597273;-24.122454;,
         0.496890; 1.597273;-24.122454;,
         0.356395; 1.499118;-24.102049;,
         0.402956; 1.434728;-24.232172;,
         0.474580; 1.484767;-24.242575;,
         0.474580; 1.484767;-24.242575;,
         0.402956; 1.434728;-24.232172;,
         0.424204; 1.405709;-24.369173;,
         0.536545; 1.525548;-24.272371;,
         0.474580; 1.484767;-24.242575;,
         0.424204; 1.405709;-24.369173;,
         0.618439; 1.677266;-24.180906;,
         0.496890; 1.597273;-24.122454;,
         0.474580; 1.484767;-24.242575;,
         0.536545; 1.525548;-24.272371;,
         0.666740; 1.855035;-24.098282;,
         0.490277; 1.738902;-24.013422;,
         0.496890; 1.597273;-24.122454;,
         0.618439; 1.677266;-24.180906;,
         0.679589; 2.052020;-24.027687;,
         0.454995; 1.904212;-23.919682;,
         0.490277; 1.738902;-24.013422;,
         0.666740; 1.855035;-24.098282;,
         0.656495; 2.260655;-23.971821;,
         0.392400; 2.086851;-23.844818;,
         0.454995; 1.904212;-23.919682;,
         0.679589; 2.052020;-24.027687;,
         0.598344; 2.472919;-23.932838;,
         0.304897; 2.279798;-23.791721;,
         0.392400; 2.086851;-23.844818;,
         0.656495; 2.260655;-23.971821;,
         0.507371; 2.680657;-23.912235;,
         0.195850; 2.475641;-23.762426;,
         0.304897; 2.279798;-23.791721;,
         0.598344; 2.472919;-23.932838;,
         0.387073; 2.875884;-23.910803;,
         0.069449; 2.666851;-23.758062;,
         0.195850; 2.475641;-23.762426;,
         0.507371; 2.680657;-23.912235;,
         0.242072; 3.051099;-23.928598;,
        -0.069450; 2.846082;-23.778791;,
         0.069449; 2.666851;-23.758062;,
         0.387073; 2.875884;-23.910803;,
         0.077940; 3.199568;-23.964937;,
        -0.215507; 3.006447;-23.823820;,
        -0.069450; 2.846082;-23.778791;,
         0.242072; 3.051099;-23.928598;,
        -0.099015; 3.315585;-24.018421;,
        -0.363110; 3.141781;-23.891418;,
        -0.215507; 3.006447;-23.823820;,
         0.077940; 3.199568;-23.964937;,
        -0.281994; 3.394692;-24.086998;,
        -0.506588; 3.246884;-23.978992;,
        -0.363110; 3.141781;-23.891418;,
        -0.099015; 3.315585;-24.018421;,
        -0.463962; 3.433850;-24.168024;,
        -0.640425; 3.317718;-24.083164;,
        -0.506588; 3.246884;-23.978992;,
        -0.281994; 3.394692;-24.086998;,
        -0.637928; 3.431552;-24.258398;,
        -0.759478; 3.351558;-24.199945;,
        -0.640425; 3.317718;-24.083164;,
        -0.463962; 3.433850;-24.168024;,
        -0.797208; 3.387888;-24.354637;,
        -0.859174; 3.347108;-24.324841;,
        -0.759478; 3.351558;-24.199945;,
        -0.637928; 3.431552;-24.258398;,
        -0.935679; 3.304534;-24.453051;,
        -0.859174; 3.347108;-24.324841;,
        -0.797208; 3.387888;-24.354637;,
        -0.935679; 3.304534;-24.453051;,
        -0.797208; 3.387888;-24.354637;,
        -0.754335; 3.413202;-24.399296;,
        -0.754335; 3.413202;-24.399296;,
        -0.797208; 3.387888;-24.354637;,
        -0.637928; 3.431552;-24.258398;,
        -0.553829; 3.481206;-24.345997;,
        -0.553829; 3.481206;-24.345997;,
        -0.637928; 3.431552;-24.258398;,
        -0.463962; 3.433850;-24.168024;,
        -0.341869; 3.505936;-24.295202;,
        -0.341869; 3.505936;-24.295202;,
        -0.463962; 3.433850;-24.168024;,
        -0.281994; 3.394692;-24.086998;,
        -0.126598; 3.486441;-24.248859;,
        -0.126598; 3.486441;-24.248859;,
        -0.281994; 3.394692;-24.086998;,
        -0.099015; 3.315585;-24.018421;,
         0.083710; 3.423470;-24.208754;,
         0.083710; 3.423470;-24.208754;,
        -0.099015; 3.315585;-24.018421;,
         0.077940; 3.199568;-23.964937;,
         0.280974; 3.319443;-24.176422;,
         0.280974; 3.319443;-24.176422;,
         0.077940; 3.199568;-23.964937;,
         0.242072; 3.051099;-23.928598;,
         0.457611; 3.178358;-24.153109;,
         0.457611; 3.178358;-24.153109;,
         0.242072; 3.051099;-23.928598;,
         0.387073; 2.875884;-23.910803;,
         0.606835; 3.005635;-24.139715;,
         0.606835; 3.005635;-24.139715;,
         0.387073; 2.875884;-23.910803;,
         0.507371; 2.680657;-23.912235;,
         0.722911; 2.807916;-24.136745;,
         0.722911; 2.807916;-24.136745;,
         0.507371; 2.680657;-23.912235;,
         0.598344; 2.472919;-23.932838;,
         0.801378; 2.592794;-24.144323;,
         0.801378; 2.592794;-24.144323;,
         0.598344; 2.472919;-23.932838;,
         0.656495; 2.260655;-23.971821;,
         0.839220; 2.368540;-24.162151;,
         0.839220; 2.368540;-24.162151;,
         0.656495; 2.260655;-23.971821;,
         0.679589; 2.052020;-24.027687;,
         0.834984; 2.143769;-24.189548;,
         0.834984; 2.143769;-24.189548;,
         0.679589; 2.052020;-24.027687;,
         0.666740; 1.855035;-24.098282;,
         0.788832; 1.927120;-24.225460;,
         0.788832; 1.927120;-24.225460;,
         0.666740; 1.855035;-24.098282;,
         0.618439; 1.677266;-24.180906;,
         0.702539; 1.726920;-24.268505;,
         0.702539; 1.726920;-24.268505;,
         0.618439; 1.677266;-24.180906;,
         0.536545; 1.525548;-24.272371;,
         0.579418; 1.550861;-24.317030;,
         0.579418; 1.550861;-24.317030;,
         0.536545; 1.525548;-24.272371;,
         0.424204; 1.405709;-24.369173;,
         0.596673; 1.556854;-24.369751;,
         0.579418; 1.550861;-24.317030;,
         0.424204; 1.405709;-24.369173;,
         0.736384; 1.738675;-24.371918;,
         0.702539; 1.726920;-24.268505;,
         0.579418; 1.550861;-24.317030;,
         0.596673; 1.556854;-24.369751;,
         0.837969; 1.944186;-24.375591;,
         0.788832; 1.927120;-24.225460;,
         0.702539; 1.726920;-24.268505;,
         0.736384; 1.738675;-24.371918;,
         0.897523; 2.165489;-24.380629;,
         0.834984; 2.143769;-24.189548;,
         0.788832; 1.927120;-24.225460;,
         0.837969; 1.944186;-24.375591;,
         0.912758; 2.394079;-24.386841;,
         0.839220; 2.368540;-24.162151;,
         0.834984; 2.143769;-24.189548;,
         0.897523; 2.165489;-24.380629;,
         0.883089; 2.621172;-24.393984;,
         0.801378; 2.592794;-24.144323;,
         0.839220; 2.368540;-24.162151;,
         0.912758; 2.394079;-24.386841;,
         0.809654; 2.838042;-24.401783;,
         0.722911; 2.807916;-24.136745;,
         0.801378; 2.592794;-24.144323;,
         0.883089; 2.621172;-24.393984;,
         0.695279; 3.036352;-24.409943;,
         0.606835; 3.005635;-24.139715;,
         0.722911; 2.807916;-24.136745;,
         0.809654; 2.838042;-24.401783;,
         0.544355; 3.208484;-24.418146;,
         0.457611; 3.178358;-24.153109;,
         0.606835; 3.005635;-24.139715;,
         0.695279; 3.036352;-24.409943;,
         0.362685; 3.347822;-24.426081;,
         0.280974; 3.319443;-24.176422;,
         0.457611; 3.178358;-24.153109;,
         0.544355; 3.208484;-24.418146;,
         0.157248; 3.449010;-24.433439;,
         0.083710; 3.423470;-24.208754;,
         0.280974; 3.319443;-24.176422;,
         0.362685; 3.347822;-24.426081;,
        -0.064059; 3.508161;-24.439939;,
        -0.126598; 3.486441;-24.248859;,
         0.083710; 3.423470;-24.208754;,
         0.157248; 3.449010;-24.433439;,
        -0.292732; 3.523002;-24.445333;,
        -0.341869; 3.505936;-24.295202;,
        -0.126598; 3.486441;-24.248859;,
        -0.064059; 3.508161;-24.439939;,
        -0.519983; 3.492960;-24.449411;,
        -0.553829; 3.481206;-24.345997;,
        -0.341869; 3.505936;-24.295202;,
        -0.292732; 3.523002;-24.445333;,
        -0.737081; 3.419194;-24.452017;,
        -0.754335; 3.413202;-24.399296;,
        -0.553829; 3.481206;-24.345997;,
        -0.519983; 3.492960;-24.449411;,
        -0.935679; 3.304534;-24.453051;,
        -0.754335; 3.413202;-24.399296;,
        -0.737081; 3.419194;-24.452017;,
        -0.935679; 3.304534;-24.453051;,
        -0.737081; 3.419194;-24.452017;,
        -0.748072; 3.404953;-24.504768;,
        -0.748072; 3.404953;-24.504768;,
        -0.737081; 3.419194;-24.452017;,
        -0.519983; 3.492960;-24.449411;,
        -0.541543; 3.465027;-24.552891;,
        -0.541543; 3.465027;-24.552891;,
        -0.519983; 3.492960;-24.449411;,
        -0.292732; 3.523002;-24.445333;,
        -0.324033; 3.482449;-24.595560;,
        -0.324033; 3.482449;-24.595560;,
        -0.292732; 3.523002;-24.445333;,
        -0.064059; 3.508161;-24.439939;,
        -0.103898; 3.456546;-24.631145;,
        -0.103898; 3.456546;-24.631145;,
        -0.064059; 3.508161;-24.439939;,
         0.157248; 3.449010;-24.433439;,
         0.110403; 3.388317;-24.658272;,
         0.110403; 3.388317;-24.658272;,
         0.157248; 3.449010;-24.433439;,
         0.362685; 3.347822;-24.426081;,
         0.310633; 3.280384;-24.675900;,
         0.310633; 3.280384;-24.675900;,
         0.362685; 3.347822;-24.426081;,
         0.544355; 3.208484;-24.418146;,
         0.489098; 3.136893;-24.683355;,
         0.489098; 3.136893;-24.683355;,
         0.544355; 3.208484;-24.418146;,
         0.695279; 3.036352;-24.409943;,
         0.638938; 2.963357;-24.680349;,
         0.638938; 2.963357;-24.680349;,
         0.695279; 3.036352;-24.409943;,
         0.809654; 2.838042;-24.401783;,
         0.754397; 2.766451;-24.666992;,
         0.754397; 2.766451;-24.666992;,
         0.809654; 2.838042;-24.401783;,
         0.883089; 2.621172;-24.393984;,
         0.831037; 2.553735;-24.643803;,
         0.831037; 2.553735;-24.643803;,
         0.883089; 2.621172;-24.393984;,
         0.912758; 2.394079;-24.386841;,
         0.865913; 2.333387;-24.611671;,
         0.865913; 2.333387;-24.611671;,
         0.912758; 2.394079;-24.386841;,
         0.897523; 2.165489;-24.380629;,
         0.857684; 2.113874;-24.571835;,
         0.857684; 2.113874;-24.571835;,
         0.897523; 2.165489;-24.380629;,
         0.837969; 1.944186;-24.375591;,
         0.806668; 1.903632;-24.525818;,
         0.806668; 1.903632;-24.525818;,
         0.837969; 1.944186;-24.375591;,
         0.736384; 1.738675;-24.371918;,
         0.714824; 1.710741;-24.475397;,
         0.714824; 1.710741;-24.475397;,
         0.736384; 1.738675;-24.371918;,
         0.596673; 1.556854;-24.369751;,
         0.585681; 1.542613;-24.422503;,
         0.585681; 1.542613;-24.422503;,
         0.596673; 1.556854;-24.369751;,
         0.424204; 1.405709;-24.369173;,
         0.548118; 1.510308;-24.467260;,
         0.585681; 1.542613;-24.422503;,
         0.424204; 1.405709;-24.369173;,
         0.641140; 1.647372;-24.563190;,
         0.714824; 1.710741;-24.475397;,
         0.585681; 1.542613;-24.422503;,
         0.548118; 1.510308;-24.467260;,
         0.699695; 1.811634;-24.653276;,
         0.806668; 1.903632;-24.525818;,
         0.714824; 1.710741;-24.475397;,
         0.641140; 1.647372;-24.563190;,
         0.721533; 1.996782;-24.734055;,
         0.857684; 2.113874;-24.571835;,
         0.806668; 1.903632;-24.525818;,
         0.699695; 1.811634;-24.653276;,
         0.705816; 2.195702;-24.802427;,
         0.865913; 2.333387;-24.611671;,
         0.857684; 2.113874;-24.571835;,
         0.721533; 1.996782;-24.734055;,
         0.653147; 2.400747;-24.855759;,
         0.831037; 2.553735;-24.643803;,
         0.865913; 2.333387;-24.611671;,
         0.705816; 2.195702;-24.802427;,
         0.565550; 2.604040;-24.892000;,
         0.754397; 2.766451;-24.666992;,
         0.831037; 2.553735;-24.643803;,
         0.653147; 2.400747;-24.855759;,
         0.446392; 2.797765;-24.909765;,
         0.638938; 2.963357;-24.680349;,
         0.754397; 2.766451;-24.666992;,
         0.565550; 2.604040;-24.892000;,
         0.300251; 2.974482;-24.908363;,
         0.489098; 3.136893;-24.683355;,
         0.638938; 2.963357;-24.680349;,
         0.446392; 2.797765;-24.909765;,
         0.132743; 3.127395;-24.887857;,
         0.310633; 3.280384;-24.675900;,
         0.489098; 3.136893;-24.683355;,
         0.300251; 2.974482;-24.908363;,
        -0.049694; 3.250632;-24.849028;,
         0.110403; 3.388317;-24.658272;,
         0.310633; 3.280384;-24.675900;,
         0.132743; 3.127395;-24.887857;,
        -0.240049; 3.339454;-24.793365;,
        -0.103898; 3.456546;-24.631145;,
         0.110403; 3.388317;-24.658272;,
        -0.049694; 3.250632;-24.849028;,
        -0.431007; 3.390450;-24.723019;,
        -0.324033; 3.482449;-24.595560;,
        -0.103898; 3.456546;-24.631145;,
        -0.240049; 3.339454;-24.793365;,
        -0.615228; 3.401657;-24.640684;,
        -0.541543; 3.465027;-24.552891;,
        -0.324033; 3.482449;-24.595560;,
        -0.431007; 3.390450;-24.723019;,
        -0.785636; 3.372648;-24.549526;,
        -0.748072; 3.404953;-24.504768;,
        -0.541543; 3.465027;-24.552891;,
        -0.615228; 3.401657;-24.640684;,
        -0.935679; 3.304534;-24.453051;,
        -0.748072; 3.404953;-24.504768;,
        -0.785636; 3.372648;-24.549526;,
        -0.935679; 3.304534;-24.453051;,
        -0.785636; 3.372648;-24.549526;,
        -0.844054; 3.327195;-24.579473;,
        -0.844054; 3.327195;-24.579473;,
        -0.785636; 3.372648;-24.549526;,
        -0.615228; 3.401657;-24.640684;,
        -0.729819; 3.312499;-24.699425;,
        -0.729819; 3.312499;-24.699425;,
        -0.615228; 3.401657;-24.640684;,
        -0.431007; 3.390450;-24.723019;,
        -0.597366; 3.261013;-24.808300;,
        -0.597366; 3.261013;-24.808300;,
